73925D1BD1D0EF1B223E2ABB13492A451BE79E0DB3C63AA5F48B35266B34FBDB | 1477321634.22 | 1477321707.31 | 73.0819029808
48D0CAB83878A79C1858D26C2DD9E5B66395099644A5404F8DD29DFC1D995A3B | 1477321707.51 | 1477321768.5 | 60.9905920029
941C752297CAB1E81C683CF9F1E0C2EBC3EA7D2791871EF9FB5C98003626017C | 1477321869.12 | 1477321932.75 | 63.629306078
EFE9727ACF213485ACEE78AEF3B0D05625D2A1B1043662792CBDF68882FBEBA9 | 1477321933.02 | 1477321993.57 | 60.5470831394
EE5FA948CFF535C10574B5DAF8047C5EE570060EA3B8382F45ED75FC85339171 | 1477321993.76 | 1477322069.65 | 75.8929011822
B50F875A740D9BC47B52DF59C899958B55E320EDE5D4A83B5CA071786BAD8A4D | 1477322069.97 | 1477322152.35 | 82.3824319839
A087360AF9D2CC84DEA2E76FE1B131087FFEE3337FE99B0AF4A36622627A51F7 | 1477322152.52 | 1477322213.85 | 61.3346800804
A4A7498B9CC81258ACDD73104F5E17D4B1D648C96F0529F8953C1A6342CF22A5 | 1477322213.99 | 1477322284.73 | 70.744122982
E9B1C25C0B79EC2CBAB5934277EC75D5AB76E198F85B1C8C48AF5037B8E288AD | 1477322284.87 | 1477322365.06 | 80.1899390221
CC7EFD85A173C33419BC8860BF670730C85183B825010DFD0CBCDB19FFFCB68C | 1477322365.2 | 1477322434.85 | 69.6498949528
4F566E0ACCD947DD6B40886DD17FEC6BCCD0A41F029E744C6C5E8C9CEA303FBD | 1477322434.98 | 1477322500.11 | 65.1276469231
511CF02106B2279FE761D71984066D8BDA7E1375BA4FED0987474138B6E7D23B | 1477322500.25 | 1477322561.13 | 60.8778889179
4A51E561C7475FEAAFED0E8ED5A1AC9EC1F61D5CF6ED48C5A3EDC1355F7C04AD | 1477322561.27 | 1477322624.15 | 62.8810451031
A377307F2A131836E52C10810C2258D4F813DE473A2CF1579663CC6CB290DB69 | 1477322624.29 | 1477322687.32 | 63.0262851715
3FE28FEF2F53532A949B5A5D85D0A8820303D9CBED6BCFD5406982AC5EA4C187 | 1477322687.68 | 1477322750.74 | 63.0559179783
0A77A60D9CD674A738EFB2D807BCDF669865A99D599DBD349C3E11608478BBC3 | 1477322750.89 | 1477322827.92 | 77.0236859322
B70471CBFC4D95C091BDA25DFDA3F7FF522CCCFE890284F0C501FD1CDDE53AC7 | 1477322828.09 | 1477322894.95 | 66.8569250107
556D126DB22866D2A100E8EF16440F3563A81252B34D32FB04223D2C494652AF | 1477322895.15 | 1477322962.11 | 66.9608469009
B6A2E409F0039FA58CBF62C0862BBF35AF77842D64744224B0B37C6D3DBDF2AC | 1477322962.31 | 1477323023.26 | 60.9554262161
89666ED9533491528B3D80D7C6263F7EF8E6A35C174B5524821E1B72BAA52513 | 1477323023.85 | 1477323093.87 | 70.0152521133
100226A2C12D2D618B99F2EB3E1C1E916D532D5C1A42B83809E1F0453376304D | 1477323094.04 | 1477323157.59 | 63.5536570549
2CE0AE4EF27E010E40A0AF68F6C8ECA2699147D0C67F797B8FBA4CD3A822E73B | 1477323157.84 | 1477323218.88 | 61.0457320213
06205CC9D9C034E54080900984D2FC08C4AD57EF3C0239A75295D1BAE1E99547 | 1477323219.11 | 1477323287.3 | 68.1918208599
004F91E7446C306FD82B878FCA1C3B394A3645991E2263EF8B7FBEE0E6A97432 | 1477323287.58 | 1477323366.62 | 79.0396561623
AC81BA66556CA52EA146B0F13F6BDD6A2C20100B26A9042A4B906A1EC5C88B01 | 1477323366.75 | 1477323435.22 | 68.4675009251
AB70239F44BB177C0D6DDE221FF5309EAA99A9D5CD330BBF16DD881D661EABE8 | 1477323435.53 | 1477323503.32 | 67.7938058376
AA021DE2CE1C85994C1C003DBF27AF5E48881B81424D41C156B26C7E9AEFC9A3 | 1477323503.47 | 1477323565.91 | 62.4439380169
3D8B84A103E2BBFAA5EBDAF1D15273D90A913E75CDBC578819AB851A222C462A | 1477324887.47 | 1477324969.32 | 81.8507208824
69787182A6635FAD3C96EAB2384B80081B4497732F8B8DDC356C92D089C0CAFD | 1477324969.54 | 1477325055.23 | 85.6864109039
0743F4785ABA470E37847F7E485475D4CE2FBFF9ACD60DEA3F034EDF3130F9DD | 1477325055.56 | 1477325136.43 | 80.8715388775
8ACF5AE20AFE1D014692BCEA9793E80634E57270AF6C3F43B2372635F2BD4CF6 | 1477325139.63 | 1477325214.77 | 75.1346180439
F284F0D9C6F70BFE16F90E943E841D89616A7FA0E9747E348F96E15D93C36FA8 | 1477325214.89 | 1477325287.38 | 72.4873361588
EEF7E3C9CCA3D4070FCE2CA0E435183249C46989ED95B8F937B5EF7D10E11EFB | 1477325353.07 | 1477325416.46 | 63.3928580284
F0167817290BB4EC9B7110BCA53248222C3237DBB7CAEBC9E1B83FBCD7FB4617 | 1477325416.59 | 1477325480.16 | 63.5706181526
E07E390EA058409C04667C40FC92F3373AF04079A81363888CA3735B2F84C516 | 1477325480.35 | 1477325541.26 | 60.9038720131
79E8463D285F42E482CC44BE1EC844DE2A21510D43B9BD7258FA129E18C35B57 | 1477325541.41 | 1477325621.54 | 80.1210999489
C383470C9E3C1D9066665651E3034DDAA3F08EBEA7D27295E4DC01BF1CB5DAAE | 1477325621.67 | 1477325688.14 | 66.4707620144
A36F7C4258348DE28CDEBAA5EAFC2FF3C388EEAF3961CE86637BD75572CB6512 | 1477325688.28 | 1477325759.42 | 71.1480779648
6E84307E892597C592FDAECBAE187BA39ECA6F7212AF02975EEBFD3B1738D5D2 | 1477325759.55 | 1477325823.52 | 63.969520092
A7E5A9CB3862A7B01E588DCF559FD06E46C0E999E60EDCB1B03862221BB72FBC | 1477325823.66 | 1477325887.67 | 64.0147559643
EFE368B0131387125F61F1E260A60140598BA8660CC29FE52F6B98F92DC08405 | 1477325887.79 | 1477325959.23 | 71.4361498356
1137F76678C06316F5B41D1FB1402F19EACFF1E7D41EFF974F71F5C21BBAA465 | 1477325959.45 | 1477326030.58 | 71.1257429123
EA452D7FCB0FD99E169BCA76FB999C76CB2CFED971137E0525B07E303BBADC18 | 1477326030.71 | 1477326094.73 | 64.0191409588
6E339A543C1C1A05867BFFC836B99ED6754430317D32EC52B63DA679E7867627 | 1477326094.88 | 1477326158.85 | 63.971763134
895938116AE5D4355D9B1453B406AD79C4CA664FDA9A8502014B895E637F261A | 1477326159.0 | 1477326225.59 | 66.5902919769
86B537F5508D8A6BB7D1137CEE16857B1FEA203516F67F0FB54893A03A941C09 | 1477326226.25 | 1477326289.81 | 63.567964077
5AC7F3DF4E3643E664B4CBDD9280E1BE803B5DF2375AF0460C3C5F67EF1F8025 | 1477326290.06 | 1477326352.29 | 62.2234489918
7A10CF95F360BA2B2F99A838DC34FA91D50F6F2C15556BFE69487533B7C791A1 | 1477326352.43 | 1477326414.52 | 62.086509943
5EDDA19CFBFAA1F752FFC8EB3BE499E08EC54606DCFAEB72FED882D76896A223 | 1477326414.85 | 1477326477.67 | 62.8269720078
0B90ED5625C70DFB0EC14588A71899D5D5EC819BE6BB7657CE53C68C60A041B0 | 1477326477.84 | 1477326537.61 | 59.7717440128
E4A9411BF6B4DEA2EF7F35F34A2B803DF610B706531DA241D30E647FEABD8D1E | 1477326537.83 | 1477326601.76 | 63.9290881157
E3D46959FCF6B18F97AAD65D3B4156AEA70593474D1E6A9A1F4DFA0D4B029817 | 1477326602.0 | 1477326681.32 | 79.3239428997
0C5C196EBD83CDEE2ED6B7A345E013B79CE1786A09D01AAC828FBF1532F7520B | 1477326681.8 | 1477326753.29 | 71.4829649925
D18570EC166C05969D7BB950EEC3886DCD8B960118D656C1875AE3144CA0B506 | 1477326753.47 | 1477326817.39 | 63.9119298458
8FC0DAE2E0C2A042BE96AB9F942D0C5FDB1EF4BBB9C01BBCCBFF722DF225DD4D | 1477326817.58 | 1477326879.74 | 62.1576988697
BEC6B4E44F07F73C417EC341F02E9BB08CBCA0976A4BF06E8597C1A060ED10BD | 1477326879.97 | 1477326941.82 | 61.853910923
100753C230805812653241C742E0FFE508CA1C5CF174B3FEB841B491871EB51E | 1477326942.01 | 1477327011.29 | 69.2745130062
2184845B63057618DE8FDD4DB8440D8524AFB4745E0BA19BA754FC707BAD5D9D | 1477327011.46 | 1477327077.57 | 66.1119868755
F200E646669F10B6264136D541B37D9B92024F21051FC1D1B974ADD6C6ABB3BE | 1477327077.84 | 1477327160.25 | 82.4169230461
D8AB7E4D3BB6424F9A6F5FE03C88764C954773586C0BDEC65A5F6D0DB9EA037C | 1477327160.39 | 1477327221.53 | 61.1466989517
A915EE4AD8A9F644467FAC8CF2A706F9B66410C2B7AE4B9CDFDA09967E70BEBE | 1477327221.74 | 1477327298.88 | 77.1346158981
04900F1ABE104B59BBD29D5D91B1398C7E1B2F26CC6B58D476539A17C92C4737 | 1477327299.01 | 1477327361.33 | 62.3200190067
13055EB9348525E119E0012172F39727A870A420EE54FFE562EA42D6CB6724F4 | 1477327361.47 | 1477327433.01 | 71.5408210754
1D9A02C2F35853FE97675166D295DAEE44FC9071414A1386B7BF9F1EC70599C4 | 1477327433.22 | 1477327506.68 | 73.4566221237
DB55E6368E4C9C2D3D94AD746D8EDD45F7725F95E22F5586D93D5C93F4183D52 | 1477327506.98 | 1477327568.18 | 61.1983191967
4561358021BDBA0B3A60565F437E26B7BD513A2DC730A4708C8B751D38928172 | 1477327568.33 | 1477327640.35 | 72.0140781403
4FE5508688BA62D8C8E43AC015D86810E9D00EC156109C03BD0DF2CF94983E6C | 1477327640.55 | 1477327702.95 | 62.3948881626
C0E2D2643346741DCBF763ECCF72511B2C80ADAF530783962540C82E73EBA9AF | 1477327703.08 | 1477327767.06 | 63.977560997
FC5A81363063C31038449A99F5825FBC7502A03A782C4D3EABA3BA03BEDD6A3F | 1477327767.19 | 1477327834.26 | 67.0663859844
4DA76EBE002F901A0B56DA9E19859BBB77B0014D039D020B6219A2C26140BB4F | 1477327834.42 | 1477327903.08 | 68.6624979973
E0BD0C59AA0F15A6C6493659680987A6D74506BA1E61D4A914D76F605FD7C67E | 1477327903.45 | 1477327966.88 | 63.4353888035
BADAF10ABF76CE4235C5351BDA6972FB71F230FA9828FACDCE27BDADD95A57F1 | 1477327967.04 | 1477328039.2 | 72.1588351727
0A2928EBB5E156263308211885951823D8AC220DC3CEE256EAA0DC5882603EC5 | 1477328039.37 | 1477328104.3 | 64.9351511002
60C5C92C04A5C00C9ED09BB34539C830BB633FF896CCD3A73A96BD3842202A17 | 1477328104.96 | 1477328183.77 | 78.8127999306
03A76B1B0635E23D1E98C94719BB03D8779F8B75330E25EED70B8D306E523434 | 1477328184.04 | 1477328246.42 | 62.3837120533
5BC197BFFD2F0503FB4D714AB8CA181A7C3B4F66D886B032F706BC1A64C406D6 | 1477328246.73 | 1477328318.61 | 71.8771710396
97DE6422B3F5767E87952436A9C28F0ABFB06A1E79B8A5CAB5EC1E7D2E2CA174 | 1477328318.82 | 1477328385.67 | 66.8555681705
436C578606C92B64ABA1B0E0D71EA43C8F5B699F7B4D279B5A0DD3DF0B8C8604 | 1477328385.86 | 1477328453.92 | 68.0602650642
8FA631E247138FDAC14F740E489FD8D3123E770F863EFDEBF1A9523523165BB4 | 1477328454.06 | 1477328519.86 | 65.796653986
E178835DC56E9A157A563DD43E67CCC9FED6C08E0407F8BD66D78EE8EC37647F | 1477328520.11 | 1477328582.01 | 61.9019458294
AA506F069E5BB4B1F2823A0D203DE7514E3EEFEA7D4EF82038C264E23CD0BFAC | 1477328582.21 | 1477328654.32 | 72.1076979637
61EAD740786ED6E3D01A1272322270E41D9FD2432B64D76CC9A09C7A58DABCEF | 1477328654.62 | 1477328717.97 | 63.3486800194
70B0A1EC5BB072B2DA745714D9E4B8993C7A157BD559BA64BF7AE06B71F0DBC3 | 1477328718.16 | 1477328781.94 | 63.7846279144
6D5AAA9739607452A73C29259683C41210820E7B9A94C2130E510B5FB6E11631 | 1477328782.1 | 1477328844.36 | 62.2610399723
BFFC66D8BC53D64DD231F35B1D47D643D9FAEEF7696087BF485203D1567216DA | 1477328844.5 | 1477328919.51 | 75.0143959522
200C29EEFEBEC3CF1EAD964D1D70AA88F6CB822332993FF99F994E26A2869287 | 1477328919.7 | 1477328988.59 | 68.8884789944
C84C3352582506BBD262FA61F7CA262D26CA9327B1945BF79DD84E041292CAB4 | 1477328988.73 | 1477329069.68 | 80.9541091919
4437C5F2DD5C6B5A13073FE99FF4A1F6A42B5B861BAA91D9C703CEA3935E6246 | 1477329069.85 | 1477329134.93 | 65.0738608837
0BC36F06E91D0DB0FC2DF87919E4049C2EBDB4208CC284B56825C8A5AFAE3F88 | 1477329135.22 | 1477329204.25 | 69.0289990902
197550E03231A6B0DB81C7900B60E35C66CCB3B30B7EDB839E34EA81C652D64E | 1477329204.41 | 1477329265.37 | 60.9572560787
D0108A3629FC30E6982DEB721790BE3EA1E7D9F20C2A6DD454501618C200284D | 1477329265.52 | 1477329328.46 | 62.9437601566
6D60E4E9F6BF4DED3C1DCFFDD875D201F45FB2E5B07AF4E94535BC22664F71C1 | 1477329328.65 | 1477329394.79 | 66.1450948715
C1A9C47C1CD3337232E5A4B16D9CA3F79A2AC19A22E0198E37A5A0B6FE96ED19 | 1477329394.95 | 1477329466.18 | 71.2349870205
94C7BBBF937C4CE25E8AC8F2BA814DA11EA8805A03B381E82AF2E4F94B875DB3 | 1477329466.55 | 1477329529.43 | 62.8797221184
3B5B4E8CE8FC8859252C9FDF948576D976E2725DD73E52370A5126DD6F74E40E | 1477329529.73 | 1477329598.76 | 69.0280020237
76AD30739E26CD33B31C245E4A2A00A6F20278AA0C873E65B2EC4F36E45349B6 | 1477329598.93 | 1477329667.37 | 68.4396340847
249B397D75E0FC416A31886730E526CA54D1057AF883131EAE61E0CFD9CF8BC5 | 1477329667.51 | 1477329744.43 | 76.9146101475
1E713C640F45734F9CE9DEEA12A0E5EBDADFE38A36C230EE79D6E40F62FF8670 | 1477329744.96 | 1477329818.06 | 73.1034379005
D7E5E87F74658A1C19DB62C408913F3AB58679E387C7F37504D4D5AB93B0E1FA | 1477329818.23 | 1477329894.2 | 75.965446949
3DBE1782DD094432A48F9F75A37567188CE16269B56689BFBF96FD548905629D | 1477329894.36 | 1477329957.2 | 62.8379750252
BB62413ECA0628039BD54C7CEBFC0F460FFB4A15981410D492E7FE89057E15C4 | 1477329957.7 | 1477330032.16 | 74.4672489166
8ACA407C83167594D0B68DAC5E68344A9A2C74CFF6BA80E5BF18C05618841EB1 | 1477330032.41 | 1477330106.56 | 74.1579430103
7DA2E07D1618762756B9E58E0A0DC65625365D9E62E1DDE0BDAC1992713F4BFE | 1477330106.88 | 1477330180.23 | 73.3442020416
33A06DD4C16407E910A2F451F8C0A31FEA7E2AC6CBFF1364DBAD757DF99D8618 | 1477330180.8 | 1477330253.51 | 72.7092790604
898DE6A6D568442A348972D6004346E9F353FF5B398F1C72EF61A61E9406C935 | 1477392513.48 | 1477392612.74 | 99.2620220184
7201C9964D7373A3B476EAD7DD839B3BC22B2C8743B5F6960812776C2F31E128 | 1477392613.19 | 1477392727.68 | 114.487547874
DF7744546C9381D8B71CD2BB247F7E4B06327F7339A85C984884576DA78A1C20 | 1477392728.16 | 1477392809.53 | 81.3686659336
9AD3DCCE4D1A8B68FD22632048BBE1C0D05B5389FDBF3A468A2A4D71AF6630D1 | 1477392809.85 | 1477392883.74 | 73.8898620605
36B523D8B81B8CBBF71B792A03FA154A5F0B778C3C5EBDA26B1B890927F3B969 | 1477392884.39 | 1477392955.23 | 70.8384850025
4E3E627D280F3ECA4C33B7A9455355EFF22166D0010B86A360F7785DA1D2B1B3 | 1477392955.61 | 1477393044.03 | 88.4205260277
AA04BFF7517FF2EDAE55AB8BE8E4CEE1C3C963414BB504040868EF475FA69D89 | 1477393044.42 | 1477393138.91 | 94.4896349907
6B105D36F2E4208AFA0319D7476CE8165087395FC04D4613BABB45171B7C830F | 1477393139.53 | 1477393250.62 | 111.087990046
90EA92CF8D9D0B134929DBD81164BD7D5FA65C77FF40650D6BA3E8DED36B7A36 | 1477393251.06 | 1477393361.43 | 110.372112989
28FFCCE70C72C866DF93C6F87D131F9E5508377104D59FF2BCC2FA76E72DC20C | 1477393361.79 | 1477393480.47 | 118.673108101
583DD8F44C80C580689C2D518FC35FE2FC848374EF528D5C96D83CDA9B6FC670 | 1477393480.81 | 1477393593.39 | 112.584209919
53F94173AC1EAE5C0A1940D5E1DBC93E32DB610C14E0ECC38CA1DB1E80661B33 | 1477393593.86 | 1477393681.45 | 87.5833179951
ED53909B9457E45A559694700BC4B7E47C8182650777ED7715E391749EECDC8E | 1477393681.69 | 1477393770.55 | 88.8603651524
E296F4759C915325CD351344607CA63FE33826ACE42447D5664E71964BECB0F1 | 1477394159.84 | 1477394332.78 | 172.947226048
75E1191AF32FBB92FE46351434CD1C0773D22914479994366344461CE33EBB3B | 1477394333.61 | 1477394426.87 | 93.2603621483
92FC93F0C6EAA5DA9D9B2767A8E254825F6C9F4D90A78BB532202391606F073E | 1477553214.6 | 1477553294.44 | 79.8361909389
C57821CC52331B1FE88ACCE634F00B3112C98F0AA78C91B29C79AE96386A804F | 1477556756.15 | 1477556834.63 | 78.4720990658
51A94D910AA0434F137B6FBE9F3D09174F061A2C308F9347F6DDB1459E7060F5 | 1477556834.84 | 1477556917.3 | 82.4576249123
F2140103236D29E90C7E4F0CBE4F1832C115179F35446F79C232874E3E0D8955 | 1477556917.5 | 1477556979.82 | 62.3257031441
D163E0D34FC5695D3B6B6A7169EC4EE9FDC1CD0400C6AD493600BB12E75E6FA2 | 1477557210.8 | 1477557275.01 | 64.2090070248
4FC9658940AF06A3575B925BC47F70486311107C92CAFEC227508465CA9570B2 | 1477558466.01 | 1477558526.59 | 60.5722520351
510F8B089F78ED36932251E89F20EB27C26A0F6F57948A574220BC75D7365676 | 1477559110.24 | 1477559181.61 | 71.3618769646
005736D86DDA0569E1EC1BF71975F33DEAA335C764BE306598E4CE63CB3F2D2A | 1477559181.77 | 1477559249.15 | 67.3833451271
A988FBA62CF4F0CE1B92A7FD65A0CFA3EB7A98F693B8CFA992606AAF0AA4E1C8 | 1477559249.29 | 1477559316.54 | 67.2473430634
44DA4916D2C13A8A409810BE6C4A998619BD164F61C179F2432FE8081FF46283 | 1477559413.0 | 1477559542.44 | 129.436056137
F17445AAB382D844AA768820843D75F27EE20C78B7CA76F203F700E613F1DFE9 | 1477567574.26 | 1477567638.05 | 63.7935090065
9EB6DB5D6E122D782C473B58A843C4E2EA788FE2686CB5A80E518D8861B1CD32 | 1477567638.25 | 1477567750.16 | 111.90219903
0CAD776E034280C84EE76A40AF2043D3D9B0B8EC611EDEF7703A99C05EBB33C3 | 1477567987.21 | 1477568151.23 | 164.025771856
51138F3C1B39393C846F0E001BC8E5CC4A032D40D068AE727B9C0EC737A79C07 | 1477568151.41 | 1477568220.59 | 69.1856050491
016BA5DF8AE2B0933B1B7C18B4BCDEC51EF67EF60CB524A83F76EBE5B7764D62 | 1477568243.78 | 1477568304.36 | 60.5822620392
4B03A328DCC965D240A92D4EC5CA90D2BD7003E1D939A9494ED2EA189DBE8658 | 1477568304.53 | 1477568376.66 | 72.1230549812
A836B972227E4C41B2E4FF506721E4EE46DEC0D31184D2778B85835AAFD31148 | 1477568376.96 | 1477568437.94 | 60.9809179306
7AE1B31ECF2F20B2F7A0B71CA29C4C015C0AD44408EA1C7E9C74A380D02150D6 | 1477568438.08 | 1477568504.83 | 66.749229908
A4E91D3CB5EBAE7C34850A4872637EDD77BF95967E7100976200A8B93774A151 | 1477568505.0 | 1477568579.1 | 74.0971009731
0322688512B63087BFAB1AAC1239FA749E938F245CDF5C406773ACB89A5E2906 | 1477568579.25 | 1477568637.59 | 58.3372020721
C0C3FF79831FE28BC2E724776FE88EB0BE991065D0D8E409799F08DE2F53C925 | 1477568637.71 | 1477568695.85 | 58.136991024
41FF464496CEBCB62E6CE47D0D715663D8DDC40E19269F6D92675B2182B20100 | 1477568807.2 | 1477568932.82 | 125.610501051
8AD44F5F9F867E5BB5EEA010DFC2AFF211E4B0C282F1EBC8917768737B07228B | 1477568932.95 | 1477568992.19 | 59.2389268875
53E882FE8AF505EDC8EDD87A9F47FB450A3582A7CFFD96908E9AC23DD2BB7C4A | 1477568992.31 | 1477569073.59 | 81.2760698795
20DFEA28E8AA5592BA930D4F2260CCCE99BBA210E6A8DB73CC7EFEBEC5DBA9AE | 1477569073.76 | 1477569146.73 | 72.9756970406
C55B26C9FA2299171FF3F202993D5E2A60969ADC93B8E57083E295ACB10B404F | 1477569146.86 | 1477569205.01 | 58.1473619938
E958F21F1ABB3692CAD712A476544499D754EED7A9F0AC81BA416A3A585B8577 | 1477569205.19 | 1477569276.37 | 71.1758151054
5B736B93FF08065D2DC96480C1CC0F37E69775A7F950F60785169A3646D83971 | 1477569276.78 | 1477569337.85 | 61.0705299377
9A8FB35D1A5D3F514B8AD12F280F0FC44C2EC827D6EF51FF21DB6ACB12668840 | 1477569337.99 | 1477569410.79 | 72.8039159775
1146C974575E74F492011FF0499ECA7279E3FEEC881B5B02360F130527B82B73 | 1477569410.92 | 1477569480.17 | 69.2457921505
3B6D105B0D10FD7EECCB730FDF6BF7A2203696F79DFC4FC356EC23C2FE3967D1 | 1477569480.38 | 1477569558.78 | 78.407353878
3F76C482FDD58DF5EDD678E4730745E7CBAFE298D0EBE0770FF962A3C2D6CF7F | 1477569558.95 | 1477569638.15 | 79.199007988
40EE1873513EE0633D78F1C6CC2FE0CCFE36D0E21FD3E9B9E0920B4D42DB5DD0 | 1477569638.29 | 1477569706.4 | 68.1088371277
1739E1B603374A85B3D88A14145A16D3F3EA2F3A9A96A0AAA787EF8144748A7D | 1477569706.56 | 1477569919.03 | 212.467190027
798394E372B6FB4268C1370915F93AF9483510E90133D0ED259FCDCFE76A76C8 | 1477569919.18 | 1477569984.56 | 65.3813548088
D86BB940F87DDD24CED7410D9FDFD3D6D2ED204570C4205AA7927382A3854411 | 1477569984.74 | 1477570067.1 | 82.3619339466
5D9CFF2EE66B5C059D6ABF82D8237662D05FF36208B55FC08953E3B096321825 | 1477570067.24 | 1477570146.54 | 79.3029210567
307A49BAF16F6B929BBF445BC3021E33B36F6399B294AE6F63C7175ECAAA021C | 1477570146.72 | 1477570220.65 | 73.9318759441
D0405CDF177CD965684A4C834E276A0ED7D3D54DDB9C9900645E999EB1814AF3 | 1477570220.79 | 1477570319.74 | 98.9440910816
3258E19BEAE01473E01C2099C5E312C07CCF29EBCBADE8AAD3CD742B4E7ACFE3 | 1477570319.86 | 1477570377.79 | 57.9350590706
4D2369668E24C6DE5816E37E18638FCC02498E3BAA07E112ABE7C4044DFAA3EB | 1477570380.54 | 1477570512.17 | 131.626274109
59F3AEFD242423A3D2FE0DA6B59F924B1FF2FC0922F674CA73125F50A1B909E1 | 1477570566.76 | 1477570643.03 | 76.2711730003
A99EE7A03877E9C9E2DFA9FEDB6F45F1BB3A1E96237C1583E4CFDEA7D394B81D | 1477570643.15 | 1477570717.55 | 74.39844203
1601EEE34A8032DCF9865DACE4A4015CE9CD80A13250E26170FD70780ED1CB8F | 1477570717.72 | 1477570779.8 | 62.082062006
504873BD7105B2BA929B4521BCE0278703F3202BE67B5A8DB530EA13ED560E79 | 1477570780.08 | 1477570844.64 | 64.5578980446
5104A96E1572BDBEEDFFD8C06844CC4EE0631A0EE823842CA58AC292A1747D69 | 1477570844.77 | 1477570917.0 | 72.2349529266
A2941EA31104DDEF53213CF826D25FD5F7473DDB7BD9294F2CA6F4795A27B5F1 | 1477570917.13 | 1477570975.35 | 58.2213580608
74672B1445FB6CDF1C1296B2F939BE66F44B228E8D453058095BF8DADAF8B90F | 1477570975.46 | 1477571070.43 | 94.965555191
C0C7F8315F8CB006D626112AD296887AE35764D403AB9F8D9A9778020DF562BC | 1477571070.58 | 1477571138.58 | 67.9997627735
5B6E6CECCF2C4CD7E6F69BF7A7A18D5A25D77589CA0537F2EAC6AD8B0D0C17BF | 1477571138.71 | 1477571197.85 | 59.1460828781
890236F3D7DDA76F7E136A72F68033A60AFD57B83E69B0EA9DE92623DC6D005E | 1477571198.01 | 1477571277.12 | 79.1135091782
6B29D1D0591E51FF63838A8D31AF5067D8B02BA33D009BAAECE8047B4CA5B206 | 1477571277.29 | 1477571347.56 | 70.2738239765
418AD11C5E7F3AC85B86642FE1919C2CB6E3EA2162AD98D99CD441C998154313 | 1477571347.74 | 1477571419.91 | 72.1763498783
5981EF2825256C7C6A1EC4D93E6F9B715469824E1A1B0E10C6E85280ECC32475 | 1477571420.12 | 1477571479.39 | 59.2680590153
D396D711455300D5BB00CD87F9A540FAEB27E02ADEF10C4379FFF38B48D929E4 | 1477571479.54 | 1477571543.32 | 63.780395031
FC0BB164998E7A851895A0C20D33C4812D8BED2884D9788C2DC057F8E49D3D2B | 1477571543.45 | 1477571628.63 | 85.175055027
9B868B1E70CCE788F1674A37CC971F462CF4EED5D77154C5D5D206407DBC9D60 | 1477571628.79 | 1477571696.55 | 67.7601881027
05264794C16E40E2E20100936E9C7323A1D11ECB6BB573D44C705D207413B0C7 | 1477571696.67 | 1477571767.86 | 71.19252491
BAB6D02BDDFECA24513EB63C9ECF23526188899C9F93E6C27563DF3BF580758C | 1477571768.02 | 1477571834.27 | 66.2539560795
27B6B4406ED870087854C1A0AF21E8C278CA4B1D761BF1852816F9C687E2D905 | 1477571834.44 | 1477571913.2 | 78.7587499619
DAA7B73A841C678DC9AC8B5AA8E95EF4F6EE315B8B933FA7F709E1B21C618506 | 1477571913.34 | 1477571988.14 | 74.8011078835
611A9E0C1C825E8CA3620580D9A580FA0A13810EF47A8DAF8258E03F60DAA272 | 1477571988.28 | 1477572063.11 | 74.8341600895
4CE1336769DE6D4C5D17F8E827045F5F25BE9C2080873CF8630C95512AEF306B | 1477572063.26 | 1477572125.6 | 62.335670948
C4B1038AAA69E338053B04FA654E9DE0EA44D611BB4B86B4F9F1E070D985B7B7 | 1477572125.74 | 1477572192.84 | 67.1031239033
90A951D0B304D55AB2507314512C5684AF5D4E73A623474D3A8DC394408ECEAC | 1477572193.05 | 1477572258.32 | 65.2654440403
3B61550511B5310FE0F4CF2CB560DA7D0624A0B2C41D026AC34875B26F96CA67 | 1477572258.48 | 1477572316.5 | 58.02034688
5F0F46258DD4FE360E18DAF4BF3D7720989D3854139D3FA929FBB099DD4AAF39 | 1477572316.69 | 1477572384.23 | 67.5378320217
A8785735C28B626BD89590F3137D0087730B0F157C510996419AE60781275985 | 1477574901.82 | 1477575040.83 | 139.010091066
2CC82A65FD6A370021B2773338620F78FC0D5A09CE315EC9E94DB37FFD885367 | 1477575040.98 | 1477575105.78 | 64.7971851826
BE36846E48F0423060F16C2D019834357A51EC7E841584708150A551D9BB4A4C | 1477575106.08 | 1477575170.09 | 64.0099079609
AC64FEFDDF4939BC84A40C3866BC6DDC87937122422E563D86572C237D602501 | 1477575394.21 | 1477575456.16 | 61.9455769062
DF28466DDD8D67FDE952FDA089F868EE837D9114224706B473DD4FC4FBAD773F | 1477575568.31 | 1477575755.94 | 187.627017021
AB845080E1833536B2E404075873266B787079E485F749C45A2D0F386B10260B | 1477575811.66 | 1477575877.82 | 66.1575291157
53A562700C1EDC480AAE78FFE928741E0934029C7D1902C94CFB42E80A847F4B | 1477576000.39 | 1477576069.26 | 68.87368083
F0C93F4B6DEBE0E5969D37D84F8FE54C79EAE7D6252F36B33B3DC3A16AEFEC1C | 1477576069.41 | 1477576128.68 | 59.2689671516
68298C2C88FBFBF050365E60E847C0F716F80FEC45F5B559E7276E387F3F0E58 | 1477576128.92 | 1477576195.6 | 66.6795020103
611DC16A74893DF660688705B86F8DC807861B00D3B3830611BDEA2655C4CB29 | 1477576195.8 | 1477576265.16 | 69.361123085
C1F5579DA95BEF69C51C7F13FA9325D9DAA54E72D2F9365CC0BB060E83780686 | 1477576511.44 | 1477576622.77 | 111.339035988
A1B0D12BB3CE474D73C74BB4CEAC2999BB91A1DA668D1F1D4C8FD109E0DA7605 | 1477576622.94 | 1477576686.83 | 63.8870871067
0E12EC3D0633C63A131881A9768670616313ABE51826AB4A5FA8198808AE0E2E | 1477576699.78 | 1477576766.45 | 66.6691150665
C3B7D1FBA60D083B1A01C23046F84988B06E3C7E7112B7BBAC3662AA7A71C919 | 1477580289.32 | 1477580380.45 | 91.1311559677
2C82DF7993C55E027278DE59533D1CD234B7BE9FDA66697F167211F86AEBAF49 | 1477580380.72 | 1477580458.42 | 77.7012197971
37CFED21FDAC8A39CAA96BBC9E60655BA2EDD7E3EF6F7E300D4663F181AA66FB | 1477580458.59 | 1477580538.99 | 80.4040420055
49733328B6EF7ADE88A6056A74F51771BC017D761FA253DC101EC8AC5813D68F | 1477580539.34 | 1477580600.38 | 61.0434980392
AF9236999550540A32A7232AD6DE43B4564CEB8098999F64F84605A094AA01B6 | 1477580600.61 | 1477580664.97 | 64.3660218716
C485D1067E1F275F769D35D2F451F7CE27535E58128096E8029FDC746E534119 | 1477580665.12 | 1477580730.09 | 64.9706408978
44240D7092DCAF9816CA491FC63621F4F8A99C307F97B1FDF7D41962388FB2DF | 1477580730.34 | 1477580796.91 | 66.5725541115
2ADD0D506520F3E6DFB958002E349DE82911825D583178762F9E974C69CD10DD | 1477580797.06 | 1477580869.4 | 72.3357260227
323EA54715BAB7A6BDEC75CB2B0EB6261E936A299046012F2CCC630557737E2A | 1477580869.53 | 1477580988.72 | 119.18362999
0C35111187571ABE2D71BC3F782A463B7A3C8D0682C023402BB55DF5C169F483 | 1477580988.91 | 1477581062.95 | 74.0393559933
F9C68FF64548FBA521E1B5DAE3D9C8086B671D23E5C9D8F0E711EAED33E4F8CE | 1477581063.16 | 1477581119.89 | 56.7375102043
7B03C960635588D94186EEE3F7C694E0B5E22DD28A85AD0EA0F6F87E450E5ED6 | 1477581120.09 | 1477581215.21 | 95.1181509495
E6A05C72EBA961706E94A74656463E107E71E76BC23402F0E884A244F6B72337 | 1477581215.35 | 1477581276.72 | 61.366508007
4C75F2EEC33745DCD4120D54127304E232447127C1B4C5A81B849C51CE21EB01 | 1477581276.95 | 1477581333.41 | 56.4601578712
8B9967001E6F956232531123C60BDCFB940F28B57F8FCCFAD89B15B89B24E794 | 1477583163.8 | 1477583249.41 | 85.6021049023
CE7C3B90D999F996B1FB811C564CA6875ED1F2E3062343ACF2C6A142880AD52A | 1477583249.61 | 1477583332.78 | 83.1646940708
BE2E16CA4BE5DD349B39095614E5138B1C9F5B356E444BC3689BC6CBE9BD4BB6 | 1477583333.11 | 1477583398.99 | 65.8722920418
E6FBA8B1027ED7074419D5F324B04AA9A8AF5526DC0A2CE410E96CA03F8C0C6E | 1477583399.12 | 1477583480.01 | 80.8817138672
D909A6B27B58C920E97B7B9FC0817EAD1462DC89A5D471D4CB25094EE58DCB6C | 1477583480.17 | 1477583547.02 | 66.8496751785
B7BE4C008184C55D5E9509B3E1D46BC19A4135CDE8439AAA9A7563043C12916A | 1477583547.29 | 1477583609.15 | 61.8563921452
9AEE8E37897DDBA4C8FEA67DF22789E267FBE0D80AEC6777118A50511530333B | 1477583609.35 | 1477583681.49 | 72.1479158401
B9B5519F8703CEBEEDFB0FE7B327EBB8273AC2E019FD4B922E48774AB9C12085 | 1477583681.67 | 1477583770.91 | 89.2397031784
E516CFBF1E7BFF89D0DD7D3706BA0B3AB54C6D64FCE0E7A7D8E5E78641BDF812 | 1477583771.06 | 1477583851.43 | 80.3763480186
AAECA0C970A720EDE39E12B29B19AB00E4DB32DF298DDA844A7E0CB2326A5DAD | 1477583851.57 | 1477583919.43 | 67.8545928001
C77FEF24A6F358D5C0CA3F00CA365BDCDB63B80762D41A495CA014F3E3F52CCB | 1477583919.63 | 1477583986.74 | 67.1123349667
53D1C3A7B6CC43D4A03395B38FCED38BEC4DA82813494E8F9F695BA48D454A42 | 1477583986.92 | 1477584049.01 | 62.08923316
E9E3B775CE9EBCD2BCEF52497532CFC1FE3BB7968BFD2C80A7F7A9FD93C182E3 | 1477584049.16 | 1477584107.85 | 58.6902971268
3BDAD0639F73C91BAFD2EAFF6327FE3F453CC7C44A813701B8A4A36D2AF3F104 | 1477584108.12 | 1477584213.81 | 105.697415113
F52FCE02F7D661D6DB6773FF5893824F86B88F7126FB4CDAD7A39187109DFEDF | 1477584214.02 | 1477584278.28 | 64.2526350021
BBA9AB49216B5AE6AC693C72221D8CDF5C1A3F95BABFA472E23B39671C951147 | 1477584278.4 | 1477584337.37 | 58.9741230011
206030AE6B4E35DFFE5782A3669684F0E0C6DABBCD4E2F2DFA7F648BAA6382AD | 1477584337.65 | 1477584409.57 | 71.9175720215
