0F86AE1E4AC615C327BBCB54809801385E3B3C0CF46E9B7760CDC5E055CE4231 | 1476979285.99 | 1476979286.65 | 0.657035112381
CD0CBB8536F07990D953C2CE2991AE53EA22C852C357E058E6E070871EEBD644 | 1476979286.68 | 1476979292.07 | 5.38177323341
C3E39AA0ACCAE116946EAD64339EAC1753FAF3E39D6DF1D8185AAE21F6135F37 | 1476979292.13 | 1476979294.38 | 2.24469804764
1A18E48FBD79CE84D946B4D065A7E30C5F10A4762437A6C8D888348AFBAB685F | 1476979294.43 | 1476979295.06 | 0.636888980865
6ED52331A788EF18727C8E34746B59DB81ACDB261659934BE63B0266FB7C19E7 | 1476979295.11 | 1476979320.13 | 25.0176229477
1C2042E0BBBC539B061C3B5F02CDFC6BEB9CDC78C047DEB0ED8C47BFB47C89B3 | 1476979320.3 | 1476979326.87 | 6.57263112068
EA1A5C55040824FA0CA16CFC56D2B875A25F5C70A81051590E438A9CC9412FF7 | 1476979327.14 | 1476979339.22 | 12.0797309875
E7A264D9F12BBC483E0BFD8A1FA8FA92295D1AB551D6FE7867125C2AAB0F6DA4 | 1476979339.31 | 1476979342.03 | 2.71910810471
92D2080FC18CFB1DD2A387C5E03FFA86E7EB7CE38978FDD0591712C3CAED5B99 | 1476979342.25 | 1476979501.47 | 159.224334002
6264E8AAC585AE3CD282388D033642BF89C87ED4E074600D5D1E2F8D912EA9B4 | 1476979502.85 | 1476979505.6 | 2.74969005585
E5AEE3F7FF5F358A87AAD2F2FC3502A58B0E43DEC2D12DCC5367E18C9D19B707 | 1476979505.8 | 1476979506.48 | 0.682010889053
6A1A2F4FDC2AF2F3614C21C91196FB9C23945207180DF68754D98FFB6B6DAE77 | 1476979506.52 | 1476979508.84 | 2.32455897331
BDF5114A2C7F1A85A27DC10C3087A8B43F6FFAB44A4BAA2BC8476A0091FC6B0A | 1476979508.89 | 1476979512.04 | 3.14442491531
F50C3F64870FFBB54C3FA2AAC9F4E7B58491671ECE68FB4211DF7F2C0DB767B5 | 1476979512.15 | 1476979526.84 | 14.6918680668
8EA992D99898B26E014F82C475F605D90BF0828CFE244922197020B62147B55C | 1476979527.08 | 1476979539.56 | 12.4761710167
CD6BCD14761B72C24E46CF059FB128ACAD9A8436EBDBB96E38BE8EEF6FA79DD3 | 1476979539.74 | 1476979546.43 | 6.69281482697
58E23A156C0C86EB80953126CA51C3180CBF0F4B4B1A0D936CF4C9A61FA0C118 | 1476979546.56 | 1476979558.22 | 11.6610109806
8912C414C1F6AFB48D8AAA19B38727E47438DC75F37B9927073D5F28D8F4DE11 | 1476979558.3 | 1476979565.03 | 6.72833108902
9804DC1A0B373450360D23FAADBAC802AF46952E62CBA7E515E67F57148CCCE5 | 1476979565.49 | 1476979566.6 | 1.10716414452
88E772F4EB3DDD9C3010D16572B859DBBE30F01B5EEC53722912073D3193B17B | 1476979566.64 | 1476979568.78 | 2.13295102119
BFD881182D45A3B9572344D894F076E12C1D0CCC1BC371ADFAD79BC2FB8FD557 | 1476979568.83 | 1476979573.34 | 4.51381802559
E9EE4408CE81479EA07EC5E1502E403B9D2BD3D1AF0347DA6F3575921E416826 | 1476979573.46 | 1476979582.93 | 9.4697098732
DF16270B77AEB1A2E8C3E8F7C56FBEE35D8EA65F4091043533B71D93F189FF8B | 1476979583.05 | 1476979588.23 | 5.17936611176
BA14BC0202CF321F4368E0DEE08E67CC7B55AC3A03AAF1726E03C4CC0AB44F02 | 1476979588.32 | 1476979593.29 | 4.97443604469
FE1DF17AB903979223E5EB514FFE24F72D540AD26F959201133F30A1346870DF | 1476979593.35 | 1476979604.88 | 11.5310890675
CF422DA5D185BE4429BE801C7F83BFFE7DF7A7312D5054D4FFA2A30AF966D8C2 | 1476979604.97 | 1476979607.2 | 2.22844696045
93B5E1789606B93FBFA7E105955666631AC144F6D7DB8C5248A87B1BA3869CCF | 1476979607.25 | 1476979611.57 | 4.32288789749
0D1E2C164684DC00A8B85D56C4F54F8D7A99F9893D86CF54A2E1C949FBB5C130 | 1476979611.63 | 1476979614.28 | 2.64902997017
54F3C7F4A79184886E8A85A743F31743A0218AE9CC2BE2A5E72C6EDE33A4E66E | 1476979614.46 | 1476979615.7 | 1.23979306221
6E417844E162251228B6305C70ACC481F423036C6F14DA753F8C591F115EA8E0 | 1476979615.76 | 1476979622.39 | 6.63383817673
DA6FD23FE0FC039A879D1FD1FABB3A857FF0FD5EF1CC1777DCB002E9C01E4AC6 | 1476979622.48 | 1476979625.14 | 2.66442894936
B8119C7E94884A95FF10204BBB564A3E94EB647F8CBA9D411A3065AE25F79A4E | 1476979625.35 | 1476979628.01 | 2.66275691986
4734944E3F99B32B8DCA9910655BCCF018B3C7E3F34AB9243BB1BEC3AEE28515 | 1476979628.21 | 1476979634.96 | 6.75447201729
D695B7310BED20E3AE00C0C4754039C3BB095062F4D746897BDF417444F454C9 | 1476979635.15 | 1476979641.86 | 6.70676589012
894C031EECD27362AA734FA869EB0EC0BDDA6C88F64F93F0AD8FACBE78CC7827 | 1476979642.05 | 1476979642.75 | 0.694056987762
30A66B1F75BBA9E14168C00431409112A0B92D5FDC74A9FDCBFD0FC2B3906BF8 | 1476979642.79 | 1476979646.26 | 3.47510695457
6AA7BB94189ED8DE770A23EB0C921FE803EE2762C7B4C58AED21215575EB7436 | 1476979646.38 | 1476979652.1 | 5.7210059166
7513C6A11B88B87F528B88624D1B198B5BCC325864B328E32CC0D790B0BFC1C4 | 1476979652.2 | 1476979659.25 | 7.0475628376
939DA05B5E616E805D42A75AD826BC0747E5FB7CA8ED142BEC435EB4E0F55A59 | 1476979659.51 | 1476979661.21 | 1.69689893723
72CBE49E2742E37B4B3833680A48F40DA15B93C0D43AD95C6843CA1A0D70597E | 1476979661.25 | 1476979673.14 | 11.8877499104
20639CFB1369F3D490ED532FE30E294ED4058B7D67C426484D7028B7B2B165E5 | 1476979673.23 | 1476979676.4 | 3.17470288277
8CB40E8DCE05482907FF83B39911831DAF20E4A69EE63A6CFF523C880EED1ACF | 1476979676.49 | 1476979682.29 | 5.79648804665
A5B9F74AFBC3F6B634F0B80AEAB6512FF1760E431AE8D96844DCFC514928AD35 | 1476979682.42 | 1476979689.54 | 7.12255096436
FB53ACC810996B7A3DA699DAB73B1A628FAE49D86A1CCBA98D889E6CD58AA7D4 | 1476979689.61 | 1476979799.49 | 109.883804798
E586C3F792DD97E6CD16368121F604608991A8D7F738D1BD5362133BF8F0BD6D | 1476979800.57 | 1476979801.25 | 0.674301862717
2573B585111FA683302DAF9524B562FC399CAF0A297933C16EFEF1A2C66D4F98 | 1476979801.29 | 1476979802.62 | 1.32571601868
0E83CE90626977CCBC02D323DA4B13635BE42C7F0449C9373F81FD1E9CD68033 | 1476979802.7 | 1476979814.32 | 11.6229021549
BAD067D2B10D9826DA6FDCB2EAD85AF091EC84A2D656E3DDA6ADF151FFA1A38E | 1476979814.4 | 1476979819.8 | 5.4034910202
2D9B124A71719F1C87690CB3D4575CC86BDBBC003A962CFA9DC77A1EBFEC8711 | 1476979819.92 | 1476979822.54 | 2.61459302902
9AE5EAB8C8B73A12A25148E86DD43E4E99CB474B496AF44450DED5D7EEE4CB67 | 1476979822.58 | 1476979822.81 | 0.233523130417
2F754A7E127A3F7B633D0F8A71D437AF0026AC1DFCD255CC95488E041685CEEF | 1476979822.86 | 1476979823.56 | 0.692543983459
F66B055BA6BA7C1CDF45C53C34613046121185867F46F94034B1946C6D75AFB8 | 1476979823.6 | 1476979836.56 | 12.9663000107
93BC7CAE3DC7ECAFB01A9D136A7D24E280673F7DDE1B30F545E1FE2646E8A66C | 1476979836.75 | 1476979895.09 | 58.3423559666
17644A98E7010BB4ADEC99732A45276C6755BCB1CCD7FD45E147AF6949A8809B | 1476979895.31 | 1476979895.74 | 0.424464941025
B30C314653E00E9FF97920355F06D9982AE7E2906DAC18F64DBDFCD6672327B6 | 1476979895.82 | 1476979899.21 | 3.38610696793
8AEBA630BB19A47102B0D048906A0F0316BE315C1A7405824E4A35CEB8169946 | 1476979899.31 | 1476979901.65 | 2.34817695618
63D59A1A83D91C86F73E62F385EF440495E7623FBEF9CA1636CAC9E872A18DE7 | 1476979901.71 | 1476979903.97 | 2.2656481266
2C5E656AF90044CF5CC694519A42477CB18BD4B2722B1474CDEAD4A8748D3F70 | 1476979904.06 | 1476979904.68 | 0.621521949768
80612FE193401626268553C54A865E67B76311E782005EDE2BA7A87A5D637420 | 1476979904.71 | 1476979909.05 | 4.33213710785
8F3F34DC76650BB433C870BA3EBE56011F1CC59B7D3497046E9C6D08BF4C6D61 | 1476979909.12 | 1476979909.83 | 0.708961009979
C7797DDBD594FD6CBE86E6EC9EF1D2D0C04C93425A602CC6176B435D7CB77D7B | 1476979909.87 | 1476979911.94 | 2.06500101089
92B5781021E82475A7D8679D3C88D49838CC692526BA8997439C948F77FBE25E | 1476979911.98 | 1476979912.31 | 0.329060077667
D5C60074995C0AA0842AEF02269C8567F8B59902E4AADB865C69CB3738D9051F | 1476979912.41 | 1476979915.09 | 2.67929387093
E3C79D302DCB579C6F0DCE51753CC1C2110DD1742C204B1F529C1A5082BFC8D4 | 1476979915.4 | 1476980010.19 | 94.7936079502
3E1B2FA8BC4B244F00A48632A190E80E422425B9DC113E2DB578CB8EB60688CC | 1476980011.13 | 1476980013.38 | 2.24715614319
65A04897224CD0F2D465A8581F11A9413C65D03EDE3847F25E4C98A49987D6A5 | 1476980013.45 | 1476980025.22 | 11.7751801014
5AC6BC80E52C05A4CCCEBD94E6C62E8185498D5E7B6793FF0957B2CA2C1E7181 | 1476980025.29 | 1476980028.04 | 2.74124002457
2DF22E6E60CB005EE3CA12E44D58885485505C0666542273C39C8086EC2626A5 | 1476980028.24 | 1476980028.86 | 0.628029108047
630354AFD4BBA3FB31F95F89EE2754CB4188BABD1DC7D863B86D8842D5221A0E | 1476980028.96 | 1476980084.8 | 55.8337488174
66274E9EB151A3EAA1978702C4D82C5CD661913A9CE7AC027C810D55B005CDB4 | 1476980085.06 | 1476980114.41 | 29.3492450714
F08E92BBA3F5ED2BB8DF2106DEC2D0316D344EA4B75CFACA1613AB1AED04C9EE | 1476980114.58 | 1476980116.66 | 2.07625794411
1CFC33B28D63996B3A1E939FDC41E99B1B2B6F45E04EDAE68D5F928570D492BA | 1476980116.81 | 1476980128.6 | 11.7917249203
1B6603BE0A43F93BB7D9DD70C2D30006F8A7CBA83A34B8C571352BC858DDE7DC | 1476980128.67 | 1476980205.92 | 77.2464718819
41C2B9B0DF60CCA59EA53950BC1FF2AEBE068E25B359233D33A04D2FAE4A4C43 | 1476980206.22 | 1476980207.04 | 0.819100141525
9447C96946A34D356AA4F70203FB963CA5A608925B617DCADEAD715F80861B9E | 1476980207.09 | 1476980207.74 | 0.651895046234
D4C76968FEEDD9D246E1841614B9EC3F24C3035165AE1D001755F698C1D656C2 | 1476980207.83 | 1476980208.88 | 1.04929494858
0075B0AA05E0BC7E58F29ECB1DDCAB8C194034A32813E903FCFCC38562D54D6B | 1476980208.96 | 1476980219.16 | 10.1985270977
E1D7AD1C1EE49B3B57750CEC05E23D791C05B960FFC4DCDD9172EBE8B7ED787A | 1476980219.32 | 1476980225.2 | 5.87961411476
BD515E4900834B022491C25BE88361AEF4BB7C1B03AD414075740A0BA7928B64 | 1476980225.25 | 1476980227.43 | 2.18220496178
